Wavelength Trans 
nm % 
380 54.5858466128965 
380.2 53.9782237118263 
380.4 54.2753811180788 
380.6 54.9430978791237 
380.8 54.3130074732219 
381 54.9562192889595 
381.2 54.5966986577801 
381.4 54.5812561373092 
381.6 54.2940561272343 
381.8 54.6337618737543 
382 55.2752277291766 
382.2 54.2396557408503 
382.4 54.6155490354222 
382.6 55.3736240415272 
382.8 55.4823091228055 
383 56.1331853565625 
383.2 55.1711617050616 
383.4 55.8729171266673 
383.6 56.5200912059645 
383.8 56.0874415431419 
384 55.7241640874718 
384.2 55.8648543116606 
384.4 55.1587039879891 
384.6 54.527833133946 
384.8 55.6033643189526 
385 55.9062755770687 
385.2 55.9824646087522 
385.4 55.6377964849887 
385.6 55.6482407531944 
385.8 56.3802799077072 
386 55.7852559734197 
386.2 55.8372859961808 
386.4 55.4420873039783 
386.6 56.3134176058398 
386.8 54.9232210308354 
387 55.8075130214874 
387.2 56.4786305035033 
387.4 56.2226239843499 
387.6 56.0746661550764 
387.8 56.4740697502568 
388 56.8617091440566 
388.2 56.4711259158258 
388.4 56.335842743519 
388.6 56.5137398108087 
388.8 56.3999046559279 
388.999999999999 56.5901020941547 
389.199999999999 56.5204805079293 
389.399999999999 56.7652134483027 
389.599999999999 56.7701936050944 
389.799999999999 57.2806881383142 
389.999999999999 56.3414760431605 
390.199999999999 56.452551012089 
390.399999999999 56.9690123305609 
390.599999999999 57.0034280984625 
390.799999999999 57.4398153711523 
390.999999999999 57.3168837489764 
391.199999999999 57.5245473866193 
391.399999999999 57.4265965843453 
391.599999999999 57.4908062098004 
391.799999999999 57.2111470289448 
391.999999999999 56.8041843248514 
392.199999999999 57.6756993715602 
392.399999999999 58.108760594953 
392.599999999999 58.098238158621 
392.799999999999 57.561156730321 
392.999999999999 57.0654945665656 
393.199999999999 57.4892984629199 
393.399999999999 57.5978534049832 
393.599999999999 58.1692463390919 
393.799999999999 57.3367849569494 
393.999999999999 58.2515516511337 
394.199999999999 57.5747640346741 
394.399999999999 57.89562156853 
394.599999999999 57.4123685519202 
394.799999999999 57.6526145831923 
394.999999999999 57.2252496734788 
395.199999999999 57.5560072945318 
395.399999999999 57.4989802485035 
395.599999999999 58.404186941292 
395.799999999999 57.8778876386123 
395.999999999999 58.0139240148439 
396.199999999999 57.4606524389303 
396.399999999999 57.71336093201 
396.599999999999 57.8611010661786 
396.799999999999 57.1454779637281 
396.999999999999 57.2696017456909 
397.199999999999 57.2130292527909 
397.399999999999 57.2904008075097 
397.599999999999 57.8606184782883 
397.799999999999 57.9495300251591 
397.999999999999 57.4777749902135 
398.199999999999 57.6725737499644 
398.399999999999 57.6292950677075 
398.599999999999 58.0332441930767 
398.799999999999 57.9923953458693 
398.999999999999 57.8089660430449 
399.199999999999 58.0752790686386 
399.399999999999 57.3856671047539 
399.599999999999 58.0344804670359 
399.799999999999 58.3772809839605 
399.999999999999 57.7469863331991 
400.199999999999 58.5786853906516 
400.399999999999 57.5794615787803 
400.599999999999 57.7639772976285 
400.799999999999 58.2950493969757 
400.999999999999 58.3121347289328 
401.199999999999 57.8168498207556 
401.399999999999 58.4830350455522 
401.599999999999 58.5714126746069 
401.799999999999 58.7299782719702 
401.999999999999 58.2919175357158 
402.199999999999 58.1508812918299 
402.399999999999 58.1212991740951 
402.599999999999 57.8245063411946 
402.799999999999 58.2392535191369 
402.999999999999 58.2126549400795 
403.199999999999 57.74762673444 
403.399999999999 57.2787485606816 
403.599999999999 57.6008602742292 
403.799999999999 58.5514363016612 
403.999999999999 58.2361732701191 
404.199999999999 58.346179996051 
404.399999999999 58.3229846186785 
404.599999999999 59.0081037183941 
404.799999999999 58.4834004718262 
404.999999999999 58.0231670055662 
405.199999999999 57.2007690552224 
405.399999999999 58.1546165076955 
405.599999999999 58.1494295528747 
405.799999999999 58.7092721457425 
405.999999999999 58.0575656738975 
406.199999999999 58.731501942277 
406.399999999998 58.6217452105293 
406.599999999998 57.9846726003892 
406.799999999998 58.4710198521385 
406.999999999998 58.4193070198958 
407.199999999998 57.612316237879 
407.399999999998 58.0213785344452 
407.599999999998 58.0999221836447 
407.799999999998 58.2407552951687 
407.999999999998 58.2354031385518 
408.199999999998 57.9018907243024 
408.399999999998 58.5131447822806 
408.599999999998 57.9482197195135 
408.799999999998 58.5772657584763 
408.999999999998 58.1816242753844 
409.199999999998 58.3828519118706 
409.399999999998 57.5396509707266 
409.599999999998 58.2797078855839 
409.799999999998 58.3415476176412 
409.999999999998 58.5600954188509 
410.199999999998 57.7818606436994 
410.399999999998 58.3182975917986 
410.599999999998 58.1196819876132 
410.799999999998 58.2505894614649 
410.999999999998 58.6456030024945 
411.199999999998 58.9923853680574 
411.399999999998 58.6193746175447 
411.599999999998 58.434551522378 
411.799999999998 58.1951678507892 
411.999999999998 57.8510530092647 
412.199999999998 58.0001614471504 
412.399999999998 58.0094007852314 
412.599999999998 57.9482986295907 
412.799999999998 58.1529079294895 
412.999999999998 58.6814658029713 
413.199999999998 57.8418891459976 
413.399999999998 58.4526716017811 
413.599999999998 58.0468943391873 
413.799999999998 58.0225894018001 
413.999999999998 58.6024004825892 
414.199999999998 57.3789107159778 
414.399999999998 58.4050964232052 
414.599999999998 58.6164878937368 
414.799999999998 58.3184511438798 
414.999999999998 58.0196888403744 
415.199999999998 58.3401412794099 
415.399999999998 58.7388805845526 
415.599999999998 58.4513747298092 
415.799999999998 58.5695185975375 
415.999999999998 58.0266059210961 
416.199999999998 58.1414122201661 
416.399999999998 58.1448768042695 
416.599999999998 58.2824839118027 
416.799999999998 58.0789670795409 
416.999999999998 58.7237811708651 
417.199999999998 58.390663423255 
417.399999999998 58.2410551790402 
417.599999999998 58.4489678640933 
417.799999999998 58.0957992211059 
417.999999999998 57.4061025899381 
418.199999999998 57.9431553078329 
418.399999999998 57.9753233050806 
418.599999999998 58.2126514672814 
418.799999999998 57.4917568317986 
418.999999999998 58.1495074177236 
419.199999999998 58.1961290106033 
419.399999999998 57.603780457513 
419.599999999998 57.9238446826464 
419.799999999998 58.3127892971437 
419.999999999998 58.2700691735434 
420.199999999998 58.4282554588967 
420.399999999998 58.2582891642184 
420.599999999998 58.9008460055986 
420.799999999998 58.0597409648259 
420.999999999998 58.3284288203473 
421.199999999998 58.0021627760203 
421.399999999998 58.4990317170529 
421.599999999998 57.9898734006443 
421.799999999998 57.8277884125673 
421.999999999998 58.4961344747289 
422.199999999998 58.277199583921 
422.399999999998 57.541566962224 
422.599999999998 58.1652589268952 
422.799999999998 57.4836898650079 
422.999999999998 58.0861612512817 
423.199999999998 57.5691058934416 
423.399999999998 57.4891806316227 
423.599999999998 58.7128561365588 
423.799999999998 58.5548025575745 
423.999999999997 57.3937599222382 
424.199999999997 58.067578378328 
424.399999999997 57.6387336432494 
424.599999999997 57.7492956976794 
424.799999999997 57.3583813012102 
424.999999999997 57.7593140346774 
425.199999999997 57.8665880195668 
425.399999999997 58.1584234890239 
425.599999999997 57.8852050482793 
425.799999999997 58.1874779781058 
425.999999999997 57.7743130143283 
426.199999999997 57.6002275258511 
426.399999999997 58.275661535305 
426.599999999997 57.8197298041686 
426.799999999997 57.9276329339785 
426.999999999997 58.089736349504 
427.199999999997 57.9239225331768 
427.399999999997 57.3998175773729 
427.599999999997 57.6634898557889 
427.799999999997 57.2972615974321 
427.999999999997 57.7594875045826 
428.199999999997 56.8867063197048 
428.399999999997 57.6466932013805 
428.599999999997 57.7766292089099 
428.799999999997 58.2329007669057 
428.999999999997 57.6204712647381 
429.199999999997 57.9169867782683 
429.399999999997 57.4538904828523 
429.599999999997 57.4180163352317 
429.799999999997 57.0520076927074 
429.999999999997 57.108824077836 
430.199999999997 56.9746948781161 
430.399999999997 57.4922300134227 
430.599999999997 57.7976022689736 
430.799999999997 57.4312676816477 
430.999999999997 57.8233024366713 
431.199999999997 57.1844636823425 
431.399999999997 56.8235203887338 
431.599999999997 57.0772912213365 
431.799999999997 56.6379854809933 
431.999999999997 56.3243777151304 
432.199999999997 56.7920464047777 
432.399999999997 57.1009039878348 
432.599999999997 57.6337781489991 
432.799999999997 57.1094472360062 
432.999999999997 57.1145958686518 
433.199999999997 56.8963127306301 
433.399999999997 56.6457420053676 
433.599999999997 55.9764865151249 
433.799999999997 56.89077751655 
433.999999999997 56.9851138731251 
434.199999999997 56.5845518521214 
434.399999999997 56.4959392079963 
434.599999999997 56.6528895917514 
434.799999999997 56.6931094640262 
434.999999999997 56.7029210771182 
435.199999999997 56.4327504368452 
435.399999999997 55.8294928330261 
435.599999999997 56.5103171429487 
435.799999999997 56.4249838975424 
435.999999999997 56.3902269317622 
436.199999999997 56.1980387828657 
436.399999999997 55.4454343372429 
436.599999999997 55.5765798084451 
436.799999999997 55.6871787290908 
436.999999999997 55.6920131092733 
437.199999999997 56.120208701134 
437.399999999997 55.7580748230957 
437.599999999997 55.8548359409533 
437.799999999997 55.7553077855703 
437.999999999997 55.7100592163358 
438.199999999997 55.8005715306243 
438.399999999997 56.0663794605945 
438.599999999997 55.8954472078645 
438.799999999997 55.6272850424712 
438.999999999997 55.8410729679571 
439.199999999997 55.5068300252593 
439.399999999997 55.726744648502 
439.599999999997 55.265287114039 
439.799999999997 54.9481939444665 
439.999999999997 55.1267259194676 
440.199999999997 54.7328955972593 
440.399999999997 55.0130541477781 
440.599999999997 54.8116921203054 
440.799999999997 54.7632150769518 
440.999999999997 54.9835718058891 
441.199999999997 55.1365425617598 
441.399999999997 55.1666928564539 
441.599999999996 54.822002480643 
441.799999999996 54.5558188396966 
441.999999999996 54.4116648217315 
442.199999999996 54.229814507464 
442.399999999996 54.0642451550032 
442.599999999996 54.4434889100704 
442.799999999996 54.0709564035363 
442.999999999996 54.1066604265593 
443.199999999996 54.2779012025042 
443.399999999996 53.4434313742633 
443.599999999996 54.1119676232794 
443.799999999996 54.1279528982183 
443.999999999996 54.0959938577976 
444.199999999996 54.1339641741957 
444.399999999996 53.9921879088855 
444.599999999996 53.8655763735438 
444.799999999996 53.5385498790222 
444.999999999996 53.3846263406082 
445.199999999996 53.3623063594912 
445.399999999996 53.3530933521725 
445.599999999996 53.0310205888982 
445.799999999996 53.4138122565478 
445.999999999996 53.4802382732582 
446.199999999996 52.765274326617 
446.399999999996 52.8129036897033 
446.599999999996 53.3513065207363 
446.799999999996 52.7214548316322 
446.999999999996 53.2441928096481 
447.199999999996 53.3657695336139 
447.399999999996 53.1667709948307 
447.599999999996 52.5253672508152 
447.799999999996 52.5540206156112 
447.999999999996 53.0878036412924 
448.199999999996 52.0636882492675 
448.399999999996 51.9688541737411 
448.599999999996 52.097857782371 
448.799999999996 51.8991751725475 
448.999999999996 52.0067340774267 
449.199999999996 51.7663722244643 
449.399999999996 51.9214663952685 
449.599999999996 51.5924208580381 
449.799999999996 51.9414804525973 
449.999999999996 51.209869994862 
450.199999999996 51.4296081653265 
450.399999999996 51.0445259327074 
450.599999999996 50.7309030349568 
450.799999999996 51.3960926981354 
450.999999999996 51.4166855443924 
451.199999999996 51.6612568005112 
451.399999999996 51.3941536941031 
451.599999999996 51.4411732256884 
451.799999999996 50.9506963939961 
451.999999999996 50.7711166285661 
452.199999999996 50.9551552548366 
452.399999999996 49.8772592324135 
452.599999999996 50.3547278695031 
452.799999999996 50.0553801674495 
452.999999999996 49.8411582752629 
453.199999999996 49.799505813387 
453.399999999996 49.9150531560491 
453.599999999996 49.9669896901576 
453.799999999996 49.6162174900551 
453.999999999996 49.6503249163216 
454.199999999996 49.7325140234614 
454.399999999996 49.2879492237537 
454.599999999996 49.4329435760472 
454.799999999996 49.4415632187473 
454.999999999996 49.1337920529161 
455.199999999996 49.3987712867171 
455.399999999996 49.0628527988062 
455.599999999996 48.8878630639315 
455.799999999996 48.618613633377 
455.999999999996 48.7550312985946 
456.199999999996 48.5201382908595 
456.399999999996 48.4968225049591 
456.599999999996 48.2015657096082 
456.799999999996 48.316689671442 
456.999999999996 47.8565337152422 
457.199999999996 47.5855845852772 
457.399999999996 47.9061521974685 
457.599999999996 47.9468542247754 
457.799999999996 47.7586235444558 
457.999999999996 47.0641982363876 
458.199999999996 47.4723561741841 
458.399999999996 47.1156423945316 
458.599999999996 47.2222414215095 
458.799999999996 46.5896048087295 
458.999999999996 47.0605866220112 
459.199999999995 46.4195371899863 
459.399999999995 46.3333484262907 
459.599999999995 46.1591295123011 
459.799999999995 46.3261490534066 
459.999999999995 45.9212329066573 
460.199999999995 46.2279507948817 
460.399999999995 46.6696140116578 
460.599999999995 46.0725439407442 
460.799999999995 45.4483370032279 
460.999999999995 45.4396645630967 
461.199999999995 45.2101619784758 
461.399999999995 45.6375288492124 
461.599999999995 45.6486151423222 
461.799999999995 45.4248394488133 
461.999999999995 45.008901453403 
462.199999999995 44.7685228052927 
462.399999999995 44.0503610089477 
462.599999999995 44.5801254181612 
462.799999999995 44.3952468964531 
462.999999999995 44.2780396228828 
463.199999999995 44.035664844121 
463.399999999995 43.9325552323431 
463.599999999995 43.7216683187813 
463.799999999995 43.9908927929799 
463.999999999995 43.6324616746851 
464.199999999995 43.1249126807539 
464.399999999995 43.2248921432306 
464.599999999995 43.1678427748581 
464.799999999995 43.0083558339416 
464.999999999995 42.9854178927243 
465.199999999995 42.6869943941946 
465.399999999995 42.6048355516301 
465.599999999995 42.9143125026026 
465.799999999995 42.4654863384206 
465.999999999995 42.3988081509042 
466.199999999995 42.0612994310524 
466.399999999995 41.9703668197223 
466.599999999995 41.8911429054706 
466.799999999995 41.7212303466745 
466.999999999995 41.9003176195338 
467.199999999995 41.4185936970817 
467.399999999995 41.4518177509542 
467.599999999995 41.1467827069293 
467.799999999995 41.1046309036826 
467.999999999995 40.436982759216 
468.199999999995 40.6170112782981 
468.399999999995 40.6146331769588 
468.599999999995 40.1325562685628 
468.799999999995 40.4415999674361 
468.999999999995 40.0039983946643 
469.199999999995 40.0939617580465 
469.399999999995 39.4831737746839 
469.599999999995 39.7654489992234 
469.799999999995 39.6973110119775 
469.999999999995 39.44483879083 
470.199999999995 38.4840801776554 
470.399999999995 38.62783292417 
470.599999999995 39.1080923858404 
470.799999999995 38.9497214270706 
470.999999999995 38.7578069636081 
471.199999999995 38.4443030789759 
471.399999999995 38.183625442965 
471.599999999995 38.241899778382 
471.799999999995 37.5034927160049 
471.999999999995 37.6362532486421 
472.199999999995 37.2369344957936 
472.399999999995 37.5859108429353 
472.599999999995 37.390429712661 
472.799999999995 37.1971513024577 
472.999999999995 36.878373173125 
473.199999999995 37.2635850693402 
473.399999999995 37.0108018515425 
473.599999999995 36.7527105252151 
473.799999999995 36.566827904369 
473.999999999995 36.5494569144776 
474.199999999995 36.4975188670079 
474.399999999995 35.686662110715 
474.599999999995 35.7943548457771 
474.799999999995 35.7908212180919 
474.999999999995 35.1792222400549 
475.199999999995 35.2522526758117 
475.399999999995 35.0761273889162 
475.599999999995 34.7246240071558 
475.799999999995 35.182454320567 
475.999999999995 34.9805214602686 
476.199999999995 34.6889864644534 
476.399999999995 34.6349279370371 
476.599999999995 34.2827532769975 
476.799999999994 34.4353952302307 
476.999999999994 34.3545379924837 
477.199999999994 33.4705248483164 
477.399999999994 33.694481447608 
477.599999999994 33.6386436160627 
477.799999999994 33.644186950472 
477.999999999994 33.2878015202145 
478.199999999994 33.2079608580689 
478.399999999994 33.2788935909237 
478.599999999994 32.8428293721349 
478.799999999994 32.7931772996698 
478.999999999994 32.6833318752083 
479.199999999994 32.2778552895688 
479.399999999994 32.1710898658433 
479.599999999994 32.1203750922102 
479.799999999994 31.8083129504347 
479.999999999994 31.9951817825515 
480.199999999994 31.7147811024095 
480.399999999994 31.8024554591344 
480.599999999994 31.4566075289028 
480.799999999994 31.5220196934027 
480.999999999994 31.50697988277 
481.199999999994 30.7448108533054 
481.399999999994 30.3993005365031 
481.599999999994 30.7500454021958 
481.799999999994 30.5408165431263 
481.999999999994 30.781907991523 
482.199999999994 30.4550950708181 
482.399999999994 30.0942727142581 
482.599999999994 30.2591521449585 
482.799999999994 29.762223186423 
482.999999999994 29.7148104928088 
483.199999999994 29.6645787053701 
483.399999999994 29.3530946001293 
483.599999999994 29.1744358100005 
483.799999999994 29.0156769669542 
483.999999999994 28.9506820190224 
484.199999999994 28.9580364684449 
484.399999999994 28.8410523754462 
484.599999999994 29.1552634759264 
484.799999999994 28.7640577239759 
484.999999999994 28.4230439698926 
485.199999999994 28.1747057585166 
485.399999999994 27.8033954947235 
485.599999999994 27.9061269163849 
485.799999999994 28.0318543065866 
485.999999999994 27.8242444099795 
486.199999999994 27.6051087703137 
486.399999999994 27.5181552994329 
486.599999999994 27.2960710348342 
486.799999999994 26.6169049980162 
486.999999999994 26.8668182906108 
487.199999999994 27.031326668027 
487.399999999994 26.567404314874 
487.599999999994 26.8116475037205 
487.799999999994 26.6542361395331 
487.999999999994 26.4287643538206 
488.199999999994 26.5833208555855 
488.399999999994 26.5821581886161 
488.599999999994 26.0657246573466 
488.799999999994 25.6576282967739 
488.999999999994 25.6163308755806 
489.199999999994 25.1405966014799 
489.399999999994 25.42708760488 
489.599999999994 25.5499607848709 
489.799999999994 25.6374437555838 
489.999999999994 25.1286077609183 
490.199999999994 25.0157747774402 
490.399999999994 24.98328490744 
490.599999999994 24.494758991433 
490.799999999994 24.1545082699498 
490.999999999994 24.3951531584348 
491.199999999994 24.4734925880573 
491.399999999994 24.4887446488496 
491.599999999994 24.0960833676325 
491.799999999994 24.5421732857262 
491.999999999994 24.2299523706584 
492.199999999994 23.2755638357582 
492.399999999994 23.3578739473107 
492.599999999994 23.5031209194228 
492.799999999994 23.424662050659 
492.999999999994 23.3355008474398 
493.199999999994 23.4816912320569 
493.399999999994 23.2419655973805 
493.599999999994 22.8192352850907 
493.799999999994 22.9287049345266 
493.999999999994 22.8769759647935 
494.199999999994 22.9047038963898 
494.399999999993 22.9680709196415 
494.599999999993 22.6957695118766 
494.799999999993 22.1559198667558 
494.999999999993 21.9849012521222 
495.199999999993 21.7102458287802 
495.399999999993 21.7178147465246 
495.599999999993 21.9593573765625 
495.799999999993 22.1068615063517 
495.999999999993 21.6161463671519 
496.199999999993 21.5686043505927 
496.399999999993 21.7599698999106 
496.599999999993 21.2445917184409 
496.799999999993 21.4480892658792 
496.999999999993 21.0405710584766 
497.199999999993 21.3805870041756 
497.399999999993 21.3925139460824 
497.599999999993 21.1632949482796 
497.799999999993 20.9728498329162 
497.999999999993 20.8562983471987 
498.199999999993 20.7152405923035 
498.399999999993 20.6305340976004 
498.599999999993 20.5938932655758 
498.799999999993 20.6931054638133 
498.999999999993 20.1832742136339 
499.199999999993 20.2926342908759 
499.399999999993 20.1496502319699 
499.599999999993 19.7556432400635 
499.799999999993 20.2775423106702 
499.999999999993 20.3570811687059 
500.199999999993 20.0031472474536 
500.399999999993 19.9053813546021 
500.599999999993 19.8258697278764 
500.799999999993 19.6258492892257 
500.999999999993 19.3510029544406 
501.199999999993 19.3732649082207 
501.399999999993 19.5839504462373 
501.599999999993 19.7058310443613 
501.799999999993 19.6838178756271 
501.999999999993 19.3731700419398 
502.199999999993 18.9455019977934 
502.399999999993 18.6174295224628 
502.599999999993 19.233470301176 
502.799999999993 19.1174649806665 
502.999999999993 19.0820273516531 
503.199999999993 18.7894586743798 
503.399999999993 19.0010012845101 
503.599999999993 18.7718372499142 
503.799999999993 18.3951548420793 
503.999999999993 19.2015663388953 
504.199999999993 18.9394965633399 
504.399999999993 18.6176718673576 
504.599999999993 18.7595104570212 
504.799999999993 18.2929923174661 
504.999999999993 18.4248858734624 
505.199999999993 18.4539605995489 
505.399999999993 18.2455817727332 
505.599999999993 17.877368393139 
505.799999999993 18.6674621477631 
505.999999999993 18.6965319748637 
506.199999999993 17.8381930728123 
506.399999999993 17.7560127042744 
506.599999999993 18.0121549739854 
506.799999999993 17.7908934903959 
506.999999999993 17.1882171747379 
507.199999999993 17.9265537234398 
507.399999999993 18.2768091309567 
507.599999999993 17.2775241518382 
507.799999999993 16.8590711247736 
507.999999999993 18.0317311646981 
508.199999999993 18.2545620386964 
508.399999999993 17.4492773234321 
508.599999999993 17.1908701227136 
508.799999999993 17.3747378757303 
508.999999999993 18.161295607943 
509.199999999993 17.3475563332508 
509.399999999993 15.8902020726353 
509.599999999993 16.815285321462 
509.799999999993 17.8909469281541 
509.999999999993 18.4289730706284 
510.199999999993 16.6457901193075 
510.399999999993 16.0675247396761 
510.599999999993 17.2805365470027 
510.799999999993 18.1301177749182 
510.999999999993 17.2833762919273 
511.199999999993 15.5565504375482 
511.399999999993 16.4886351085794 
511.599999999993 17.318124972135 
511.799999999993 18.1720462296299 
511.999999999992 17.9287340913782 
512.199999999993 15.7854456524305 
512.399999999993 15.6507480842763 
512.599999999993 16.7253918639795 
512.799999999993 18.1652260123141 
512.999999999993 18.5072856197373 
513.199999999993 15.8542521799464 
513.399999999993 15.3485202286213 
513.599999999993 16.6782742055221 
513.799999999993 17.8502180092064 
513.999999999993 18.239392118685 
514.199999999993 17.0979032766496 
514.399999999993 15.2258839355606 
514.599999999993 16.8963629740901 
514.799999999993 17.1830401457128 
514.999999999993 18.0327602911013 
515.199999999993 18.9084326538653 
515.399999999993 17.7091077978833 
515.599999999993 14.9645538535471 
515.799999999993 16.0616531905509 
515.999999999993 17.5840034476866 
516.199999999993 18.2030530412054 
516.399999999993 19.3540489241189 
516.599999999994 18.7367158094609 
516.799999999994 15.4284360020555 
516.999999999994 15.2936914533831 
517.199999999994 16.6485303172522 
517.399999999994 17.7702659482899 
517.599999999994 18.7875951964417 
517.799999999994 18.8787260861419 
517.999999999994 16.8332317751399 
518.199999999994 14.8243986548379 
518.399999999994 15.4339557308851 
518.599999999994 17.1969368310389 
518.799999999994 18.1132393872038 
518.999999999994 19.0417703114906 
519.199999999994 18.6751535151987 
519.399999999994 15.55021709266 
519.599999999994 14.1002898855087 
519.799999999994 15.6217493177966 
519.999999999994 16.688139666222 
520.199999999994 17.6504814276002 
520.399999999994 19.315890968441 
520.599999999994 19.0967868564347 
520.799999999994 16.1722159861777 
520.999999999995 13.9343289395689 
521.199999999995 15.2127062506876 
521.399999999995 16.7870399889578 
521.599999999995 17.6416546349899 
521.799999999995 18.4726073710928 
521.999999999995 19.3006331813799 
522.199999999995 17.219297482125 
522.399999999995 13.3527490045731 
522.599999999995 14.2388771104433 
522.799999999995 15.6134011904883 
522.999999999995 16.9433331602124 
523.199999999995 18.5420237563356 
523.399999999995 19.8714639086091 
523.599999999995 19.5177706746517 
523.799999999995 15.4586629256968 
523.999999999995 13.0492093191409 
524.199999999995 14.4428137403336 
524.399999999995 15.7819700017822 
524.599999999995 16.8527435188965 
524.799999999995 18.5689632466265 
524.999999999995 19.6511302390275 
525.199999999995 19.4582941954472 
525.399999999996 16.0894024920496 
525.599999999996 12.9738476346736 
525.799999999996 14.324198711919 
525.999999999996 16.0495943284101 
526.199999999996 17.1323876537133 
526.399999999996 18.0209922625194 
526.599999999996 19.1904103754405 
526.799999999996 20.4631314749081 
526.999999999996 19.0825812135198 
527.199999999996 14.2262760519192 
527.399999999996 13.3963221999528 
527.599999999996 14.8135313094208 
527.799999999996 16.1493925491793 
527.999999999996 17.5063849982904 
528.199999999996 19.0540325453602 
528.399999999996 20.2199293586755 
528.599999999996 20.9848495183322 
528.799999999996 18.4661577268472 
528.999999999996 13.3319001915992 
529.199999999996 13.8475859559108 
529.399999999996 15.8576144067288 
529.599999999996 17.520330338769 
529.799999999997 18.3015700725129 
529.999999999997 19.8143349763472 
530.199999999997 21.6720986018162 
530.399999999997 22.743774988189 
530.599999999997 19.5901595895361 
530.799999999997 13.9052739751403 
530.999999999997 14.150735042718 
531.199999999997 15.7728233600804 
531.399999999997 17.7664831461548 
531.599999999997 18.8866101856762 
531.799999999997 20.8877889956956 
531.999999999997 22.5148188958424 
532.199999999997 23.8270681236656 
532.399999999997 22.2975170608147 
532.599999999997 16.094962101645 
532.799999999997 12.9733476288933 
532.999999999997 14.9599935335366 
533.199999999997 18.0516422790641 
533.399999999997 19.7200167918588 
533.599999999997 20.7960150812317 
533.799999999997 22.7876690250956 
533.999999999997 23.6848212612984 
534.199999999998 24.2546767460647 
534.399999999998 22.282539948472 
534.599999999998 16.2201712826429 
534.799999999998 13.8601742089125 
534.999999999998 16.1079701016793 
535.199999999998 18.7458631314834 
535.399999999998 20.4725169470429 
535.599999999998 21.3249056676077 
535.799999999998 22.1800821874755 
535.999999999998 23.3188714275054 
536.199999999998 24.7259247297911 
536.399999999998 24.2685453266103 
536.599999999998 18.8609941023529 
536.799999999998 13.9232255702104 
536.999999999998 15.7586184861543 
537.199999999998 17.6233732001665 
537.399999999998 18.4355276591197 
537.599999999998 19.3912097850256 
537.799999999998 21.3067620508301 
537.999999999998 23.3711475000044 
538.199999999998 24.779838903926 
538.399999999998 25.9884328339015 
538.599999999999 23.0818029391183 
538.799999999999 15.8871780141984 
538.999999999999 13.5922919311676 
539.199999999999 15.1126628884821 
539.399999999999 16.3297274372177 
539.599999999999 17.6529279715397 
539.799999999999 20.0048053160796 
539.999999999999 21.9371522220266 
540.199999999999 23.3860063949659 
540.399999999999 25.4783640644673 
540.599999999999 26.1963585712456 
540.799999999999 21.9660870712647 
540.999999999999 15.0099212340134 
541.199999999999 13.2988549575208 
541.399999999999 15.1832833073098 
541.599999999999 17.017288723657 
541.799999999999 18.6365364675193 
541.999999999999 20.1157566488988 
542.199999999999 22.3970698807575 
542.399999999999 24.6859414708622 
542.599999999999 25.5042957151557 
542.8 25.6873911493976 
543 22.9648513015002 
543.2 17.1195702951296 
543.4 13.0531658840006 
543.6 14.7934268448511 
543.8 17.110595960951 
544 18.9098424852016 
544.2 20.8898245861206 
544.4 23.3839307954702 
544.6 24.6777297279018 
544.8 25.1067346042381 
545 24.2959627265825 
545.2 24.3568784831501 
545.4 23.256699374309 
545.6 17.806507634042 
545.8 14.7739582547041 
546 16.1313643937648 
546.2 18.083382130146 
546.4 19.6385970298575 
546.6 21.8604398948711 
546.8 23.582488927884 
547 24.6603831767418 
547.200000000001 24.582299625934 
547.400000000001 24.0491309108213 
547.600000000001 25.5632700487674 
547.800000000001 25.8797285444981 
548.000000000001 20.7425830913935 
548.200000000001 15.6872219684447 
548.400000000001 17.3886244372819 
548.600000000001 19.1695079588304 
548.800000000001 20.3535027501493 
549.000000000001 22.5575169625075 
549.200000000001 24.6065281187382 
549.400000000001 25.0692653092689 
549.600000000001 24.2933873912088 
549.800000000001 23.9471276115586 
550.000000000001 25.5550352768462 
550.200000000001 27.2421439512815 
550.400000000001 24.4591382664821 
550.600000000001 18.2592992774656 
550.800000000001 17.5544049709911 
551.000000000001 19.8406597130379 
551.200000000001 22.2579263877416 
551.400000000001 23.6013600900543 
551.600000000002 25.1777978864244 
551.800000000002 25.9007551924888 
552.000000000002 24.447974521371 
552.200000000002 23.6873292813159 
552.400000000002 25.1490174977719 
552.600000000002 27.3815474995057 
552.800000000002 29.6318908882711 
553.000000000002 26.6496133795098 
553.200000000002 20.185490072902 
553.400000000002 19.4213387288462 
553.600000000002 21.1516898019151 
553.800000000002 23.4743889137372 
554.000000000002 26.1760666579417 
554.200000000002 27.8707555368281 
554.400000000002 26.267286635847 
554.600000000002 23.7522634652087 
554.800000000002 25.0609786399848 
555.000000000002 27.1451105897873 
555.200000000002 28.9864979427191 
555.400000000002 30.6912645728433 
555.600000000002 30.6583372638246 
555.800000000002 25.4733848737525 
556.000000000003 20.4007520541357 
556.200000000003 22.0261486801094 
556.400000000003 24.2547459799552 
556.600000000003 26.7408571963397 
556.800000000003 28.9162335311527 
557.000000000003 27.3434750208236 
557.200000000003 23.8169065314401 
557.400000000003 24.4249759845917 
557.600000000003 27.1163847488239 
557.800000000003 28.8975950522157 
558.000000000003 30.2418620154733 
558.200000000003 31.9518760821589 
558.400000000003 31.0413583356692 
558.600000000003 25.7766071953368 
558.800000000003 23.699671839293 
559.000000000003 25.3882169382992 
559.200000000003 27.3853496695567 
559.400000000003 29.6229835847901 
559.600000000003 28.927244969219 
559.800000000003 25.3849060271121 
560.000000000003 24.1969959108984 
560.200000000003 25.6778263314667 
560.400000000004 27.5707747155368 
560.600000000004 30.098052569269 
560.800000000004 32.2338942494584 
561.000000000004 33.835066866121 
561.200000000004 34.6937207145008 
561.400000000004 31.2087448714426 
561.600000000004 26.4506386149784 
561.800000000004 27.3859679136556 
562.000000000004 29.3976335326863 
562.200000000004 31.4632225476257 
562.400000000004 28.6755110476891 
562.600000000004 23.9582105437075 
562.800000000004 23.9436041390398 
563.000000000004 26.02379187133 
563.200000000004 28.3934630118578 
563.400000000004 30.1727443574911 
563.600000000004 32.296631136278 
563.800000000004 34.6903883546801 
564.000000000004 36.6489553909174 
564.200000000004 37.1260104073219 
564.400000000004 33.0929606111318 
564.600000000004 29.2441738937504 
564.800000000005 30.5201237364323 
565.000000000005 32.433749447709 
565.200000000005 31.2343516610813 
565.400000000005 25.9165904597919 
565.600000000005 23.906963256884 
565.800000000005 25.8309876975606 
566.000000000005 27.6836381364111 
566.200000000005 30.1603067199525 
566.400000000005 32.0118298114953 
566.600000000005 33.6822106717369 
566.800000000005 35.7246926812631 
567.000000000005 37.6196521145957 
567.200000000005 39.6684280403397 
567.400000000005 37.536456129953 
567.600000000005 33.378244775013 
567.800000000005 33.041578218903 
568.000000000005 34.3215522959434 
568.200000000005 31.0967270327844 
568.400000000005 25.9486161244584 
568.600000000005 26.5603543427668 
568.800000000005 28.8189131937051 
569.000000000005 30.3101416081369 
569.200000000006 31.8975487063049 
569.400000000006 32.9169234188333 
569.600000000006 34.6767334012537 
569.800000000006 36.9307607267818 
570.000000000006 38.5275419373782 
570.200000000006 40.4419906824637 
570.400000000006 41.3786672355158 
570.600000000006 38.2758845963226 
570.800000000006 35.6017134415514 
571.000000000006 37.005063817197 
571.200000000006 33.7503701150342 
571.400000000006 27.6133958605057 
571.600000000006 27.0872605493518 
571.800000000006 29.8207824742732 
572.000000000006 31.7261792254913 
572.200000000006 32.5412399554955 
572.400000000006 34.6927003376758 
572.600000000006 35.7681989972714 
572.800000000006 37.415060129743 
573.000000000006 39.2746459964549 
573.200000000006 40.6878823885149 
573.400000000006 42.1775462882041 
573.600000000007 43.5098114884565 
573.800000000007 42.2715636463726 
574.000000000007 40.2323585792423 
574.200000000007 40.4286006024162 
574.400000000007 35.3807825609934 
574.600000000007 29.4606375420279 
574.800000000007 30.1305905665681 
575.000000000007 31.9756190081739 
575.200000000007 32.7308261877853 
575.400000000007 33.2746544787717 
575.600000000007 35.1026714467006 
575.800000000007 37.464102986564 
576.000000000007 39.3963369870533 
576.200000000007 40.8745629620563 
576.400000000007 42.1228381743707 
576.600000000007 43.1680116389797 
576.800000000007 44.9349425196612 
577.000000000007 46.687658618998 
577.200000000007 45.741494538029 
577.400000000007 44.192645866688 
577.600000000007 39.567044357897 
577.800000000007 33.9808540094201 
578.000000000008 33.4776562607939 
578.200000000008 34.0717675775584 
578.400000000008 33.4202137435751 
578.600000000008 33.8304961367763 
578.800000000008 36.3526499261398 
579.000000000008 38.7433828118756 
579.200000000008 40.4615130020372 
579.400000000008 42.3652874887932 
579.600000000008 44.3147826252504 
579.800000000008 45.8581560587394 
580.000000000008 47.3606189910568 
580.200000000008 48.4180818699708 
580.400000000008 49.4469940909188 
580.600000000008 49.1793653371759 
580.800000000008 46.6667109068744 
581.000000000008 40.5468049726863 
581.200000000008 36.5692486351519 
581.400000000008 35.6093157636715 
581.600000000008 34.9437870614462 
581.800000000008 35.5125236612628 
582.000000000008 37.5030134347907 
582.200000000008 39.2784342843817 
582.400000000009 41.0888840372741 
582.600000000009 42.8889240677695 
582.800000000009 44.6482623434493 
583.000000000009 46.4889208132777 
583.200000000009 47.5823053538659 
583.400000000009 48.7281426418924 
583.600000000009 50.1680973027928 
583.800000000009 51.5575498741673 
584.000000000009 52.7282496619592 
584.200000000009 51.6831444760244 
584.400000000009 45.627164419336 
584.600000000009 40.6173277240387 
584.800000000009 38.3730538740443 
585.000000000009 36.5059462040507 
585.200000000009 37.3204537304347 
585.400000000009 39.7503478421306 
585.600000000009 41.6164321982208 
585.800000000009 43.3063607984286 
586.000000000009 45.3523808252159 
586.200000000009 46.7945269299462 
586.400000000009 48.4418940232497 
586.600000000009 49.3930803917242 
586.80000000001 50.5328122066855 
587.00000000001 52.2223667131732 
587.20000000001 53.6143324742844 
587.40000000001 54.6973882464439 
587.60000000001 55.7581661064766 
587.80000000001 53.5380222614629 
588.00000000001 47.8095302579932 
588.20000000001 41.3328662864719 
588.40000000001 38.230198056719 
588.60000000001 39.5051055834337 
588.80000000001 41.5416405669551 
589.00000000001 43.218721139814 
589.20000000001 45.3595790553791 
589.40000000001 46.8375608467962 
589.60000000001 47.2989831063395 
589.80000000001 48.9714323248293 
590.00000000001 51.0861434723595 
590.20000000001 52.1139827129991 
590.40000000001 53.4694838923908 
590.60000000001 54.931892502138 
590.80000000001 56.3676201644709 
591.00000000001 57.3834449442449 
591.200000000011 57.8150004160059 
591.400000000011 57.3259837328101 
591.600000000011 50.9101574043721 
591.800000000011 42.758376684666 
592.000000000011 40.3125864753329 
592.200000000011 41.8912029860377 
592.400000000011 43.5633428173449 
592.600000000011 45.5521703694146 
592.800000000011 47.900375664311 
593.000000000011 49.3002218679809 
593.200000000011 50.5164958133231 
593.400000000011 51.6911268949539 
593.600000000011 52.8993181584051 
593.800000000011 54.4918456625366 
594.000000000011 55.9069996605072 
594.200000000011 56.8606864179083 
594.400000000011 58.0205772251086 
594.600000000011 58.9366329566619 
594.800000000011 59.7061563685621 
595.000000000011 60.4460395349612 
595.200000000011 58.3184054418654 
595.400000000011 44.0454834352827 
595.600000000012 43.1898426987284 
595.800000000012 43.8341926889354 
596.000000000012 45.7661047727094 
596.200000000012 47.2752427468837 
596.400000000012 48.8486044398388 
596.600000000012 50.8476755943991 
596.800000000012 52.2003596867029 
597.000000000012 53.0035101637426 
597.200000000012 54.3857443505163 
597.400000000012 55.7346117575286 
597.600000000012 57.2695086016025 
597.800000000012 58.292049144365 
598.000000000012 58.9930554090509 
598.200000000012 59.9568143530968 
598.400000000012 60.4955459955635 
598.600000000012 61.3360471976729 
598.800000000012 62.0116597361989 
599.000000000012 57.8782637851825 
599.200000000012 49.5638242822449 
599.400000000012 46.5554318432352 
599.600000000012 47.4951776205723 
599.800000000012 48.6429462862117 
600.000000000013 50.0140127788905 
600.200000000013 51.1862169801869 
600.400000000013 52.9008272164696 
600.600000000013 54.5699676543595 
600.800000000013 55.5687266085368 
601.000000000013 56.4502788529364 
601.200000000013 57.7197246153614 
601.400000000013 59.00714969379 
601.600000000013 60.1411298859711 
601.800000000013 60.8877789549553 
602.000000000013 61.5158567994549 
602.200000000013 62.6080919179839 
602.400000000013 63.4954642493222 
602.600000000013 63.9395801104982 
602.800000000013 61.7669381164998 
603.000000000013 53.721468645179 
603.200000000013 48.9039831901763 
603.400000000013 49.7861419186507 
603.600000000013 50.9643448223273 
603.800000000013 51.9739264050911 
604.000000000013 53.6820447562888 
604.200000000013 55.250144784603 
604.400000000014 56.2262598103884 
604.600000000014 57.888410900425 
604.800000000014 58.7527336818647 
605.000000000014 58.9608669664386 
605.200000000014 60.0838021205881 
605.400000000014 61.2643464179283 
605.600000000014 62.4601080418972 
605.800000000014 63.4421044178405 
606.000000000014 63.9445296263813 
606.200000000014 64.5934039042504 
606.400000000014 64.847658315343 
606.600000000014 64.5422652831382 
606.800000000014 59.2548204275813 
607.000000000014 53.7739798615367 
607.200000000014 52.3487362878641 
607.400000000014 53.0386508672058 
607.600000000014 54.4270412987221 
607.800000000014 55.5379973306881 
608.000000000014 56.6279105186362 
608.200000000014 57.784235011274 
608.400000000014 58.7184595938215 
608.600000000014 60.1036959418152 
608.800000000015 60.7596454269381 
609.000000000015 61.7785092410575 
609.200000000015 63.2593111940672 
609.400000000015 64.1001590031864 
609.600000000015 63.6485962215692 
609.800000000015 64.3721652239669 
610.000000000015 65.1253701912625 
610.200000000015 65.7494708932812 
610.400000000015 66.2781532089037 
610.600000000015 64.1711004417552 
610.800000000015 59.787096951182 
611.000000000015 55.8830757812391 
611.200000000015 55.2810027148493 
611.400000000015 55.9352898190535 
611.600000000015 56.61376903005 
611.800000000015 57.5128550909505 
612.000000000015 58.762661390004 
612.200000000015 59.9195985662612 
612.400000000015 60.4225334755381 
612.600000000015 61.4050128022988 
612.800000000015 62.6935636424903 
613.000000000015 63.2144259271287 
613.200000000016 63.9204817476755 
613.400000000016 64.3939606312602 
613.600000000016 65.1124914858875 
613.800000000016 66.0464386245792 
614.000000000016 66.6186501798659 
614.200000000016 66.8734047583988 
614.400000000016 66.8926591676105 
614.600000000016 66.141054006994 
614.800000000016 61.8007852945023 
615.000000000016 59.5854709661319 
615.200000000016 58.2126687208556 
615.400000000016 58.1807221294483 
615.600000000016 59.088834946764 
615.800000000016 59.8919641122525 
616.000000000016 60.8108536701623 
616.200000000016 61.8587652570864 
616.400000000016 62.6639811167762 
616.600000000016 63.1139884855657 
616.800000000016 63.7087783930726 
617.000000000016 64.3887833806247 
617.200000000016 64.6737699462424 
617.400000000016 65.8603340734883 
617.600000000017 66.6054786549442 
617.800000000017 66.9315528271927 
618.000000000017 67.1202781620912 
618.200000000017 67.2519413894693 
618.400000000017 67.9228243441627 
618.600000000017 66.4934102062342 
618.800000000017 64.4968481519993 
619.000000000017 61.6568331369383 
619.200000000017 61.3621460949085 
619.400000000017 61.3604737046319 
619.600000000017 60.9745154633069 
619.800000000017 61.227001043015 
620.000000000017 62.0372151817563 
620.200000000017 62.855133089066 
620.400000000017 63.7303386679237 
620.600000000017 64.2206351468062 
620.800000000017 65.3562409505106 
621.000000000017 66.1156215691262 
621.200000000017 66.5176506851015 
621.400000000017 66.7559219679099 
621.600000000017 67.0685565947167 
621.800000000017 67.3604922068217 
622.000000000018 67.5434258527967 
622.200000000018 68.0519323355579 
622.400000000018 68.5834259329224 
622.600000000018 68.7343634476283 
622.800000000018 67.1038880868858 
623.000000000018 65.8344474163085 
623.200000000018 63.9011844410692 
623.400000000018 62.5955347457091 
623.600000000018 62.6783786961266 
623.800000000018 63.1582134344973 
624.000000000018 63.6196964976502 
624.200000000018 63.8677635115282 
624.400000000018 64.9295893846782 
624.600000000018 65.3693995427005 
624.800000000018 65.6050770845775 
625.000000000018 66.2814333954381 
625.200000000018 66.842845687229 
625.400000000018 67.1584222727999 
625.600000000018 66.9562107711995 
625.800000000018 67.1529005497044 
626.000000000018 68.3696240982096 
626.200000000018 68.8760336371267 
626.400000000019 69.1523980361918 
626.600000000019 69.1067973072294 
626.800000000019 69.581215040305 
627.000000000019 68.3943732748138 
627.200000000019 66.3389182034954 
627.400000000019 66.0418200576823 
627.600000000019 65.3414281268753 
627.800000000019 64.1646311929333 
628.000000000019 64.3133653970248 
628.200000000019 65.0464272634565 
628.400000000019 65.4748821303363 
628.600000000019 65.9328372092028 
628.800000000019 66.4564707195248 
629.000000000019 66.57569640097 
629.200000000019 67.1508372836778 
629.400000000019 67.6811533334429 
629.600000000019 67.9356047674077 
629.800000000019 68.1653911865152 
630.000000000019 68.4748430972015 
630.200000000019 68.7805945679519 
630.400000000019 68.7661031031128 
630.600000000019 69.5147475684454 
630.80000000002 69.785293641594 
631.00000000002 69.6382168716584 
631.20000000002 69.2665639328602 
631.40000000002 68.79932179139 
631.60000000002 66.6818577783013 
631.80000000002 65.991772078679 
632.00000000002 66.7915899187465 
632.20000000002 66.0828055643933 
632.40000000002 66.4094345792854 
632.60000000002 66.5827532239409 
632.80000000002 66.8620152623404 
633.00000000002 67.4000471969506 
633.20000000002 67.6267193752702 
633.40000000002 67.5137541256927 
633.60000000002 67.9275974069408 
633.80000000002 68.4345293877022 
634.00000000002 68.5767875890283 
634.20000000002 69.0442711162571 
634.40000000002 69.1230774365971 
634.60000000002 69.1898130905261 
634.80000000002 69.3426982203283 
635.00000000002 69.8192290003946 
635.200000000021 69.8218945922014 
635.400000000021 69.2103030334575 
635.600000000021 69.0071138358306 
635.800000000021 69.428608661539 
636.000000000021 68.3759284838724 
636.200000000021 67.1831442004932 
636.400000000021 66.9821892085459 
636.600000000021 67.5956013830702 
636.800000000021 67.2347400599898 
637.000000000021 68.0348877196489 
637.200000000021 67.9905588754395 
637.400000000021 68.3325866137399 
637.600000000021 68.5474554006372 
637.800000000021 68.6273068400446 
638.000000000021 68.617176533864 
638.200000000021 69.4170906609515 
638.400000000021 69.0595601798944 
638.600000000021 69.6398716188301 
638.800000000021 70.2844401756991 
639.000000000021 70.2594750872558 
639.200000000021 69.9040206988892 
639.400000000021 70.1927630530726 
639.600000000022 70.5001197154275 
639.800000000022 70.6937728493213 
640.000000000022 69.9882917179088 
640.200000000022 69.4206404726219 
640.400000000022 69.4752922293493 
640.600000000022 69.1953957974503 
640.800000000022 68.5132178319413 
641.000000000022 68.1518587393299 
641.200000000022 67.9446240467371 
641.400000000022 68.5103141466362 
641.600000000022 68.5721801796739 
641.800000000022 68.7810321303967 
642.000000000022 69.1404281303288 
642.200000000022 69.5142254751199 
642.400000000022 69.562366341429 
642.600000000022 69.49162663923 
642.800000000022 69.9494921856152 
643.000000000022 70.1896036870159 
643.200000000022 70.4985722599883 
643.400000000022 70.5113292533328 
643.600000000022 70.431282812405 
643.800000000022 70.3154859625208 
644.000000000023 70.9043885157548 
644.200000000023 71.2032542072349 
644.400000000023 70.722952382347 
644.600000000023 69.6440209138644 
644.800000000023 69.3108294933248 
645.000000000023 69.5052849072175 
645.200000000023 69.7067662792736 
645.400000000023 69.5363868192589 
645.600000000023 69.0239127182524 
645.800000000023 69.2099445399109 
646.000000000023 69.7236485290499 
646.200000000023 69.6001326845358 
646.400000000023 69.2295288176178 
646.600000000023 69.8309716881294 
646.800000000023 69.9133446394068 
647.000000000023 70.3143074184804 
647.200000000023 70.1753875829238 
647.400000000023 70.2341184751816 
647.600000000023 70.4051827475874 
647.800000000023 70.0430260185667 
648.000000000023 70.5377385225419 
648.200000000023 71.034756103259 
648.400000000024 70.7159137235057 
648.600000000024 70.9622536310546 
648.800000000024 70.7450221528455 
649.000000000024 70.7413571362935 
649.200000000024 70.6636444957864 
649.400000000024 69.9351865538931 
649.600000000024 69.8839880918235 
649.800000000024 70.4012458752676 
650.000000000024 69.8196147326891 
650.200000000024 69.9154187057194 
650.400000000024 70.0606280676686 
650.600000000024 70.0024329504002 
650.800000000024 69.9191665667372 
651.000000000024 69.9139944339019 
651.200000000024 69.7634065867998 
651.400000000024 70.4207411020315 
651.600000000024 70.5561035959064 
651.800000000024 70.6513042144548 
652.000000000024 70.6404170799462 
652.200000000024 70.5399094745432 
652.400000000024 70.555244098386 
652.600000000024 70.3075605275315 
652.800000000025 70.1886919776299 
653.000000000025 71.4241272135627 
653.200000000025 71.6421742864954 
653.400000000025 70.6445269975976 
653.600000000025 70.7855707494754 
653.800000000025 70.7996206490289 
654.000000000025 70.6942296737292 
654.200000000025 71.2583362392787 
654.400000000025 70.3984758820713 
654.600000000025 70.3270537292326 
654.800000000025 69.7205334979517 
655.000000000025 69.8405500766066 
655.200000000025 70.9791703216305 
655.400000000025 70.9095141448262 
655.600000000025 70.7516849647175 
655.800000000025 70.6389797914861 
656.000000000025 70.9320067489612 
656.200000000025 70.9436865525325 
656.400000000025 70.8931738137511 
656.600000000025 71.0292373978347 
656.800000000025 70.5853484519478 
657.000000000025 71.0418740490149 
657.200000000026 70.7411150717147 
657.400000000026 70.623140210154 
657.600000000026 70.5569923829226 
657.800000000026 70.8705660492903 
658.000000000026 70.5513897113854 
658.200000000026 70.9932524687822 
658.400000000026 70.67837145754 
658.600000000026 70.6172280799175 
658.800000000026 71.2425200379076 
659.000000000026 71.4840067105685 
659.200000000026 70.5646098190171 
659.400000000026 70.7279141474695 
659.600000000026 70.1255140304003 
659.800000000026 70.1065332029516 
660.000000000026 70.7987847970616 
660.200000000026 70.9000764922278 
660.400000000026 70.9947927542891 
660.600000000026 71.2789191528774 
660.800000000026 71.1643243272219 
661.000000000026 70.8456912017038 
661.200000000026 70.8103337476668 
661.400000000026 71.0974873841162 
661.600000000027 70.5953124927933 
661.800000000027 71.2234248807766 
662.000000000027 71.6089426149551 
662.200000000027 71.7162115655724 
662.400000000027 71.0510486034228 
662.600000000027 71.1032170232617 
662.800000000027 71.8849143434999 
663.000000000027 71.0893403865194 
663.200000000027 71.5055307708341 
663.400000000027 71.6187806335762 
663.600000000027 71.4542612871775 
663.800000000027 70.9092190016961 
664.000000000027 71.129666500191 
664.200000000027 71.3744949377694 
664.400000000027 71.589155253032 
664.600000000027 70.686873268624 
664.800000000027 70.9726438649881 
665.000000000027 70.5929660498502 
665.200000000027 70.811219867665 
665.400000000027 71.8207107474191 
665.600000000027 71.7323568437364 
665.800000000027 71.5352089666291 
666.000000000028 71.3675555811858 
666.200000000028 71.6825177583479 
666.400000000028 71.5652644484044 
666.600000000028 71.7575727069989 
666.800000000028 71.5751147543065 
667.000000000028 71.6930831267153 
667.200000000028 71.7335548452606 
667.400000000028 71.7870423876428 
667.600000000028 71.202936700884 
667.800000000028 71.5675809036064 
668.000000000028 71.6973474423721 
668.200000000028 71.7134060008085 
668.400000000028 72.0379523737421 
668.600000000028 70.6141425521713 
668.800000000028 71.0541136997801 
669.000000000028 70.9662989843147 
669.200000000028 70.8601844857712 
669.400000000028 71.4080747510109 
669.600000000028 71.2026059143024 
669.800000000028 72.0688477316128 
670.000000000028 72.3161816535219 
670.200000000028 72.1028161486082 
670.400000000029 72.114490872849 
670.600000000029 72.0456254935833 
670.800000000029 71.4179279704594 
671.000000000029 71.7595316265339 
671.200000000029 71.56904145056 
671.400000000029 71.3404719266854 
671.600000000029 71.4566611788941 
671.800000000029 71.5323430239236 
672.000000000029 71.49449442061 
672.200000000029 72.8661228570438 
672.400000000029 72.324398010274 
672.600000000029 72.859983883245 
672.800000000029 71.6266080844499 
673.000000000029 71.6513635646927 
673.200000000029 71.3514354731472 
673.400000000029 72.4421573891924 
673.600000000029 72.076723508151 
673.800000000029 71.8497624909797 
674.000000000029 71.4369765796704 
674.200000000029 72.1678819165505 
674.400000000029 71.7175585207173 
674.600000000029 72.1141612308897 
674.80000000003 71.1078924999346 
675.00000000003 71.6244405014434 
675.20000000003 71.8293171266992 
675.40000000003 71.6230110643136 
675.60000000003 71.7804493590925 
675.80000000003 71.6703915745242 
676.00000000003 72.7734342582244 
676.20000000003 72.5183763961815 
676.40000000003 72.6800909041075 
676.60000000003 72.2449554307362 
676.80000000003 72.3027744343839 
677.00000000003 71.4982336908783 
677.20000000003 72.5520458450897 
677.40000000003 72.2860739041191 
677.60000000003 71.989001038545 
677.80000000003 71.832908797869 
678.00000000003 71.6033583238935 
678.20000000003 71.6684677648002 
678.40000000003 71.3766446133863 
678.60000000003 71.8339706058338 
678.80000000003 72.1969921614016 
679.00000000003 72.0631084708128 
679.200000000031 72.6449763060549 
679.400000000031 72.9003118030016 
679.600000000031 72.1858260099122 
679.800000000031 72.4446933386032 
680.000000000031 72.6738483680372 
680.200000000031 72.2288735103089 
680.400000000031 72.0267935203601 
680.600000000031 72.5698298863269 
680.800000000031 73.3051838794949 
681.000000000031 73.1405910492553 
681.200000000031 73.4343036818479 
681.400000000031 73.511216321464 
681.600000000031 72.5183649517036 
681.800000000031 72.6876996811672 
682.000000000031 72.2389590718715 
682.200000000031 72.6983745389862 
682.400000000031 72.3549742736536 
682.600000000031 72.0922645436722 
682.800000000031 72.2800874521803 
683.000000000031 72.1508633225764 
683.200000000031 72.0401239709713 
683.400000000031 73.6139572210607 
683.600000000032 72.8245381395831 
683.800000000032 72.048526537066 
684.000000000032 72.7086174224405 
684.200000000032 71.0228610313473 
684.400000000032 72.0011372602546 
684.600000000032 72.3720672960568 
684.800000000032 72.3874757029463 
685.000000000032 71.9833564331108 
685.200000000032 71.9027200732012 
685.400000000032 72.9655324784792 
685.600000000032 72.2346049709247 
685.800000000032 73.1343708487755 
686.000000000032 73.2427605418675 
686.200000000032 71.8329556604078 
686.400000000032 73.1062493073777 
686.600000000032 72.3444842232292 
686.800000000032 72.7083389537218 
687.000000000032 73.284471586678 
687.200000000032 73.0589343666562 
687.400000000032 72.0210415103007 
687.600000000032 72.2785937226165 
687.800000000032 71.7458274794335 
688.000000000033 72.6319816105194 
688.200000000033 73.0125156027688 
688.400000000033 72.0025514547475 
688.600000000033 72.3935770011018 
688.800000000033 73.2700436241515 
689.000000000033 73.5681559388803 
689.200000000033 73.3909044180031 
689.400000000033 72.4836194535512 
689.600000000033 72.8372616826748 
689.800000000033 73.2093459763344 
690.000000000033 73.4196361565898 
690.200000000033 73.20770433633 
690.400000000033 72.2859694643364 
690.600000000033 73.360638222024 
690.800000000033 72.4117859826175 
691.000000000033 72.6653012344756 
691.200000000033 72.9127457730083 
691.400000000033 73.449223374615 
691.600000000033 73.0358554160314 
691.800000000033 73.3100669460796 
692.000000000033 73.2982779964134 
692.200000000033 73.5098832079473 
692.400000000034 73.0615403289854 
692.600000000034 73.1958738629408 
692.800000000034 72.7236417382187 
693.000000000034 72.6360188482234 
693.200000000034 73.0729366843731 
693.400000000034 73.8124641651843 
693.600000000034 73.749213251723 
693.800000000034 73.5518191758881 
694.000000000034 73.9499593657317 
694.200000000034 74.667215552949 
694.400000000034 73.6842546113972 
694.600000000034 73.9140335102565 
694.800000000034 74.1627330037308 
695.000000000034 72.8611682889216 
695.200000000034 73.1408184098982 
695.400000000034 73.3660352124179 
695.600000000034 72.5229287420509 
695.800000000034 72.9769263869359 
696.000000000034 72.5198288170777 
696.200000000034 72.3076116477796 
696.400000000034 72.9497762612246 
696.600000000034 73.6760886183705 
696.800000000035 73.7430008021658 
697.000000000035 73.796395240405 
697.200000000035 72.8699447717401 
697.400000000035 73.2979406900424 
697.600000000035 73.5454686774757 
697.800000000035 73.6463559733993 
698.000000000035 74.0085435326426 
698.200000000035 73.2057902440198 
698.400000000035 73.4125761866079 
698.600000000035 73.671567997718 
698.800000000035 73.7514269028156 
699.000000000035 73.4584481006469 
699.200000000035 73.4819715512738 
699.400000000035 72.4154153112864 
699.600000000035 74.0437385164357 
699.800000000035 74.4426628898422 
